100 4950
1 2 608
1 3 389
1 4 461
1 5 172
1 6 237
1 7 196
1 8 121
1 9 256
1 10 570
1 11 569
1 12 231
1 13 307
1 14 638
1 15 595
1 16 288
1 17 522
1 18 47
1 19 312
1 20 469
1 21 697
1 22 447
1 23 480
1 24 402
1 25 429
1 26 181
1 27 197
1 28 50
1 29 585
1 30 325
1 31 194
1 32 277
1 33 249
1 34 481
1 35 296
1 36 230
1 37 520
1 38 429
1 39 637
1 40 92
1 41 488
1 42 204
1 43 555
1 44 529
1 45 519
1 46 455
1 47 176
1 48 327
1 49 611
1 50 341
1 51 220
1 52 610
1 53 256
1 54 228
1 55 329
1 56 344
1 57 353
1 58 392
1 59 472
1 60 361
1 61 158
1 62 586
1 63 475
1 64 416
1 65 110
1 66 214
1 67 490
1 68 341
1 69 264
1 70 476
1 71 329
1 72 505
1 73 682
1 74 461
1 75 228
1 76 412
1 77 211
1 78 351
1 79 68
1 80 83
1 81 235
1 82 99
1 83 611
1 84 678
1 85 633
1 86 489
1 87 481
1 88 636
1 89 375
1 90 139
1 91 526
1 92 594
1 93 78
1 94 416
1 95 605
1 96 522
1 97 594
1 98 648
1 99 457
1 100 545
2 3 545
2 4 552
2 5 526
2 6 449
2 7 487
2 8 491
2 9 438
2 10 472
2 11 386
2 12 636
2 13 362
2 14 331
2 15 225
2 16 323
2 17 95
2 18 616
2 19 707
2 20 145
2 21 414
2 22 181
2 23 151
2 24 341
2 25 401
2 26 427
2 27 555
2 28 583
2 29 183
2 30 284
2 31 423
2 32 420
2 33 420
2 34 170
2 35 474
2 36 378
2 37 346
2 38 493
2 39 348
2 40 518
2 41 533
2 42 430
2 43 67
2 44 120
2 45 226
2 46 218
2 47 546
2 48 456
2 49 22
2 50 704
2 51 397
2 52 26
2 53 627
2 54 389
2 55 689
2 56 269
2 57 674
2 58 266
2 59 178
2 60 664
2 61 648
2 62 22
2 63 283
2 64 533
2 65 504
2 66 406
2 67 263
2 68 580
2 69 532
2 70 144
2 71 278
2 72 316
2 73 457
2 74 150
2 75 385
2 76 202
2 77 405
2 78 659
2 79 592
2 80 571
2 81 373
2 82 615
2 83 27
2 84 398
2 85 166
2 86 239
2 87 130
2 88 186
2 89 290
2 90 554
2 91 238
2 92 218
2 93 591
2 94 537
2 95 302
2 96 134
2 97 82
2 98 361
2 99 153
2 100 396
3 4 72
3 5 219
3 6 193
3 7 210
3 8 378
3 9 183
3 10 216
3 11 262
3 12 203
3 13 222
3 14 364
3 15 389
3 16 327
3 17 452
3 18 352
3 19 214
3 20 415
3 21 384
3 22 373
3 23 397
3 24 204
3 25 151
3 26 361
3 27 192
3 28 418
3 29 409
3 30 394
3 31 293
3 32 180
3 33 210
3 34 374
3 35 116
3 36 359
3 37 247
3 38 70
3 39 353
3 40 338
3 41 105
3 42 428
3 43 478
3 44 425
3 45 336
3 46 326
3 47 213
3 48 107
3 49 561
3 50 193
3 51 291
3 52 530
3 53 174
3 54 292
3 55 182
3 56 339
3 57 152
3 58 288
3 59 367
3 60 136
3 61 277
3 62 523
3 63 271
3 64 31
3 65 317
3 66 282
3 67 293
3 68 66
3 69 125
3 70 409
3 71 359
3 72 259
3 73 346
3 74 419
3 75 307
3 76 445
3 77 292
3 78 136
3 79 441
3 80 439
3 81 343
3 82 305
3 83 530
3 84 371
3 85 462
3 86 313
3 87 434
3 88 452
3 89 266
3 90 250
3 91 331
3 92 392
3 93 313
3 94 29
3 95 349
3 96 411
3 97 482
3 98 357
3 99 420
3 100 234
4 5 290
4 6 255
4 7 278
4 8 444
4 9 242
4 10 160
4 11 224
4 12 273
4 13 266
4 14 329
4 15 373
4 16 374
4 17 465
4 18 425
4 19 270
4 20 434
4 21 334
4 22 393
4 23 412
4 24 220
4 25 152
4 26 422
4 27 265
4 28 488
4 29 399
4 30 438
4 31 353
4 32 234
4 33 267
4 34 386
4 35 178
4 36 414
4 37 225
4 38 62
4 39 315
4 40 407
4 41 39
4 42 488
4 43 486
4 44 432
4 45 332
4 46 338
4 47 285
4 48 160
4 49 571
4 50 244
4 51 348
4 52 535
4 53 243
4 54 348
4 55 236
4 56 377
4 57 201
4 58 312
4 59 380
4 60 184
4 61 349
4 62 532
4 63 270
4 64 46
4 65 385
4 66 341
4 67 291
4 68 134
4 69 197
4 70 426
4 71 400
4 72 246
4 73 290
4 74 440
4 75 362
4 76 478
4 77 351
4 78 187
4 79 512
4 80 509
4 81 397
4 82 378
4 83 535
4 84 324
4 85 449
4 86 314
4 87 452
4 88 437
4 89 294
4 90 322
4 91 323
4 92 377
4 93 386
4 94 45
4 95 321
4 96 418
4 97 483
4 98 317
4 99 442
4 100 198
5 6 84
5 7 40
5 8 170
5 9 101
5 10 399
5 11 406
5 12 125
5 13 173
5 14 484
5 15 460
5 16 214
5 17 431
5 18 142
5 19 213
5 20 380
5 21 535
5 22 347
5 23 380
5 24 251
5 25 264
5 26 177
5 27 43
5 28 198
5 29 459
5 30 278
5 31 124
5 32 124
5 33 109
5 34 372
5 35 125
5 36 200
5 37 362
5 38 256
5 39 481
5 40 122
5 41 316
5 42 241
5 43 464
5 44 425
5 45 386
5 46 334
5 47 22
5 48 157
5 49 535
5 50 229
5 51 142
5 52 521
5 53 132
5 54 149
5 55 213
5 56 260
5 57 222
5 58 272
5 59 363
5 60 224
5 61 123
5 62 503
5 63 331
5 64 244
5 65 103
5 66 131
5 67 350
5 68 179
5 69 95
5 70 382
5 71 261
5 72 353
5 73 515
5 74 377
5 75 160
5 76 358
5 77 137
5 78 214
5 79 221
5 80 220
5 81 191
5 82 107
5 83 522
5 84 518
5 85 511
5 86 356
5 87 396
5 88 510
5 89 249
5 90 38
5 91 390
5 92 460
5 93 102
5 94 245
5 95 455
5 96 415
5 97 491
5 98 490
5 99 374
5 100 381
6 7 45
6 8 191
6 9 18
6 10 336
6 11 331
6 12 187
6 13 90
6 14 404
6 15 376
6 16 155
6 17 354
6 18 216
6 19 265
6 20 304
6 21 460
6 22 268
6 23 300
6 24 169
6 25 192
6 26 168
6 27 106
6 28 249
6 29 375
6 30 224
6 31 99
6 32 41
6 33 29
6 34 290
6 35 77
6 36 169
6 37 283
6 38 207
6 39 402
6 40 161
6 41 272
6 42 235
6 43 386
6 44 344
6 45 302
6 46 251
6 47 100
6 48 98
6 49 460
6 50 271
6 51 101
6 52 443
6 53 182
6 54 103
6 55 255
6 56 191
6 57 252
6 58 189
6 59 281
6 60 248
6 61 205
6 62 426
6 63 248
6 64 209
6 65 138
6 66 91
6 67 266
6 68 179
6 69 98
6 70 305
6 71 198
6 72 272
6 73 444
6 74 302
6 75 118
6 76 295
6 77 101
6 78 240
6 79 271
6 80 264
6 81 154
6 82 190
6 83 443
6 84 441
6 85 427
6 86 272
6 87 321
6 88 425
6 89 167
6 90 120
6 91 306
6 92 376
6 93 178
6 94 211
6 95 374
6 96 333
6 97 410
6 98 412
6 99 300
6 100 308
7 8 168
7 9 63
7 10 374
7 11 374
7 12 156
7 13 133
7 14 449
7 15 421
7 16 179
7 17 392
7 18 172
7 19 241
7 20 341
7 21 503
7 22 307
7 23 340
7 24 214
7 25 233
7 26 160
7 27 72
7 28 214
7 29 419
7 30 245
7 31 98
7 32 86
7 33 69
7 34 332
7 35 103
7 36 174
7 37 328
7 38 237
7 39 446
7 40 129
7 41 300
7 42 227
7 43 424
7 44 385
7 45 347
7 46 294
7 47 59
7 48 131
7 49 496
7 50 253
7 51 111
7 52 482
7 53 158
7 54 116
7 55 236
7 56 222
7 57 240
7 58 232
7 59 323
7 60 239
7 61 163
7 62 464
7 63 293
7 64 232
7 65 106
7 66 100
7 67 311
7 68 182
7 69 95
7 70 343
7 71 225
7 72 317
7 73 486
7 74 338
7 75 129
7 76 322
7 77 107
7 78 230
7 79 236
7 80 231
7 81 163
7 82 144
7 83 482
7 84 485
7 85 471
7 86 317
7 87 357
7 88 470
7 89 209
7 90 75
7 91 351
7 92 421
7 93 134
7 94 233
7 95 419
7 96 375
7 97 451
7 98 456
7 99 336
7 100 350
8 9 206
8 10 522
8 11 503
8 12 279
8 13 229
8 14 558
8 15 501
8 16 179
8 17 409
8 18 145
8 19 370
8 20 356
8 21 626
8 22 338
8 23 370
8 24 329
8 25 373
8 26 64
8 27 212
8 28 93
8 29 486
8 30 206
8 31 105
8 32 222
8 33 188
8 34 376
8 35 266
8 36 113
8 37 449
8 38 398
8 39 560
8 40 54
8 41 463
8 42 88
8 43 442
8 44 420
8 45 426
8 46 357
8 47 187
8 48 289
8 49 493
8 50 391
8 51 127
8 52 495
8 53 295
8 54 133
8 55 376
8 56 234
8 57 390
8 58 297
8 59 368
8 60 394
8 61 232
8 62 470
8 63 391
8 64 398
8 65 67
8 66 126
8 67 402
8 68 347
8 69 260
8 70 365
8 71 216
8 72 429
8 73 620
8 74 347
8 75 126
8 76 292
8 77 118
8 78 384
8 79 105
8 80 87
8 81 121
8 82 173
8 83 496
8 84 606
8 85 531
8 86 398
8 87 367
8 88 536
8 89 284
8 90 159
8 91 435
8 92 499
8 93 142
8 94 400
8 95 523
8 96 414
8 97 483
8 98 572
8 99 343
8 100 484
9 10 318
9 11 312
9 12 197
9 13 76
9 14 386
9 15 359
9 16 154
9 17 342
9 18 235
9 19 272
9 20 294
9 21 441
9 22 257
9 23 288
9 24 151
9 25 174
9 26 179
9 27 118
9 28 268
9 29 359
9 30 224
9 31 110
9 32 23
9 33 27
9 34 277
9 35 67
9 36 176
9 37 265
9 38 192
9 39 383
9 40 179
9 41 257
9 42 246
9 43 374
9 44 331
9 45 285
9 46 237
9 47 115
9 48 83
9 49 450
9 50 276
9 51 108
9 52 431
9 53 190
9 54 109
9 55 259
9 56 184
9 57 254
9 58 176
9 59 268
9 60 249
9 61 221
9 62 415
9 63 230
9 64 197
9 65 156
9 66 99
9 67 249
9 68 175
9 69 100
9 70 293
9 71 195
9 72 253
9 73 426
9 74 292
9 75 124
9 76 291
9 77 109
9 78 241
9 79 289
9 80 281
9 81 160
9 82 208
9 83 432
9 84 422
9 85 411
9 86 255
9 87 311
9 88 409
9 89 153
9 90 138
9 91 289
9 92 359
9 93 197
9 94 200
9 95 356
9 96 320
9 97 397
9 98 393
9 99 291
9 100 289
10 11 89
10 12 417
10 13 300
10 14 185
10 15 259
10 16 399
10 17 400
10 18 541
10 19 428
10 20 387
10 21 175
10 22 351
10 23 357
10 24 210
10 25 149
10 26 483
10 27 387
10 28 586
10 29 296
10 30 448
10 31 418
10 32 300
10 33 334
10 34 327
10 35 273
10 36 459
10 37 128
10 38 151
10 39 169
10 40 498
10 41 121
10 42 542
10 43 413
10 44 359
10 45 248
10 46 288
10 47 401
10 48 243
10 49 493
10 50 403
10 51 403
10 52 450
10 53 389
10 54 400
10 55 395
10 56 379
10 57 361
10 58 294
10 59 324
10 60 344
10 61 485
10 62 456
10 63 206
10 64 184
10 65 475
10 66 400
10 67 219
10 68 283
10 69 319
10 70 375
10 71 407
10 72 161
10 73 130
10 74 398
10 75 412
10 76 459
10 77 409
10 78 346
10 79 608
10 80 600
10 81 441
10 82 501
10 83 449
10 84 166
10 85 337
10 86 243
10 87 403
10 88 320
10 89 286
10 90 436
10 91 234
10 92 265
10 93 501
10 94 187
10 95 190
10 96 346
10 97 393
10 98 166
10 99 401
10 100 75
11 12 449
11 13 274
11 14 104
11 15 169
11 16 357
11 17 319
11 18 546
11 19 476
11 20 313
11 21 129
11 22 280
11 23 281
11 24 174
11 25 141
11 26 456
11 27 403
11 28 577
11 29 207
11 30 396
11 31 397
11 32 291
11 33 321
11 34 251
11 35 284
11 36 424
11 37 59
11 38 192
11 39 91
11 40 488
11 41 190
11 42 509
11 43 329
11 44 276
11 45 166
11 46 217
11 47 413
11 48 252
11 49 407
11 50 455
11 51 378
11 52 363
11 53 424
11 54 373
11 55 445
11 56 327
11 57 414
11 58 239
11 59 250
11 60 398
11 61 507
11 62 370
11 63 138
11 64 234
11 65 465
11 66 377
11 67 145
11 68 326
11 69 341
11 70 299
11 71 357
11 72 89
11 73 117
11 74 325
11 75 383
11 76 394
11 77 385
11 78 399
11 79 597
11 80 587
11 81 407
11 82 512
11 83 362
11 84 113
11 85 247
11 86 168
11 87 327
11 88 230
11 89 237
11 90 444
11 91 151
11 92 175
11 93 507
11 94 238
11 95 101
11 96 264
11 97 306
11 98 94
11 99 328
11 100 28
12 13 274
12 14 542
12 15 539
12 16 336
12 17 540
12 18 185
12 19 90
12 20 491
12 21 576
12 22 455
12 23 486
12 24 327
12 25 313
12 26 299
12 27 84
12 28 274
12 29 546
12 30 402
12 31 249
12 32 216
12 33 217
12 34 474
12 35 176
12 36 325
12 37 418
12 38 266
12 39 534
12 40 225
12 41 308
12 42 359
12 43 572
12 44 527
12 45 470
12 46 431
12 47 103
12 48 206
12 49 647
12 50 113
12 51 267
12 52 629
12 53 30
12 54 273
12 55 99
12 56 377
12 57 122
12 58 373
12 59 465
12 60 132
12 61 82
12 62 613
12 63 409
12 64 235
12 65 214
12 66 255
12 67 430
12 68 138
12 69 113
12 70 491
12 71 382
12 72 418
12 73 544
12 74 490
12 75 284
12 76 479
12 77 262
12 78 122
12 79 296
12 80 304
12 81 316
12 82 132
12 83 629
12 84 561
12 85 600
12 86 441
12 87 509
12 88 595
12 89 349
12 90 121
12 91 471
12 92 540
12 93 155
12 94 233
12 95 519
12 96 516
12 97 593
12 98 541
12 99 488
12 100 421
13 14 331
13 15 291
13 16 108
13 17 266
13 18 295
13 19 346
13 20 218
13 21 396
13 22 180
13 23 212
13 24 99
13 25 151
13 26 183
13 27 195
13 28 308
13 29 287
13 30 172
13 31 124
13 32 58
13 33 64
13 34 200
13 35 120
13 36 158
13 37 219
13 38 206
13 39 332
13 40 220
13 41 270
13 42 241
13 43 297
13 44 254
13 45 215
13 46 161
13 47 190
13 48 115
13 49 374
13 50 347
13 51 104
13 52 354
13 53 265
13 54 100
13 55 331
13 56 118
13 57 321
13 58 99
13 59 191
13 60 314
13 61 295
13 62 339
13 63 168
13 64 226
13 65 198
13 66 103
13 67 183
13 68 234
13 69 172
13 70 217
13 71 136
13 72 200
13 73 391
13 74 217
13 75 112
13 76 225
13 77 111
13 78 307
13 79 327
13 80 314
13 81 140
13 82 276
13 83 355
13 84 377
13 85 338
13 86 185
13 87 236
13 88 338
13 89 76
13 90 207
13 91 221
13 92 290
13 93 260
13 94 229
13 95 298
13 96 243
13 97 320
13 98 344
13 99 216
13 100 255
14 15 106
14 16 393
14 17 286
14 18 621
14 19 575
14 20 298
14 21 87
14 22 276
14 23 264
14 24 235
14 25 229
14 26 503
14 27 488
14 28 639
14 29 149
14 30 416
14 31 454
14 32 363
14 33 388
14 34 237
14 35 370
14 36 465
14 37 124
14 38 294
14 39 18
14 40 552
14 41 294
14 42 548
14 43 285
14 44 242
14 45 151
14 46 222
14 47 494
14 48 338
14 49 353
14 50 557
14 51 431
14 52 305
14 53 519
14 54 424
14 55 545
14 56 351
14 57 516
14 58 267
14 59 240
14 60 501
14 61 594
14 62 320
14 63 166
14 64 337
14 65 529
14 66 432
14 67 158
14 68 425
14 69 430
14 70 282
14 71 380
14 72 132
14 73 126
14 74 311
14 75 432
14 76 391
14 77 439
14 78 500
14 79 658
14 80 644
14 81 449
14 82 592
14 83 304
14 84 68
14 85 171
14 86 170
14 87 307
14 88 151
14 89 275
14 90 522
14 91 136
14 92 113
14 93 583
14 94 341
14 95 37
14 96 232
14 97 249
14 98 30
14 99 316
14 100 131
15 16 326
15 17 182
15 18 586
15 19 588
15 20 199
15 21 192
15 22 186
15 23 167
15 24 212
15 25 239
15 26 442
15 27 473
15 28 589
15 29 43
15 30 335
15 31 403
15 32 336
15 33 354
15 34 144
15 35 362
15 36 398
15 37 147
15 38 324
15 39 123
15 40 505
15 41 344
15 42 477
15 43 179
15 44 138
15 45 76
15 46 145
15 47 474
15 48 334
15 49 247
15 50 575
15 51 377
15 52 200
15 53 520
15 54 370
15 55 562
15 56 276
15 57 538
15 58 204
15 59 149
15 60 524
15 61 578
15 62 214
15 63 129
15 64 368
15 65 485
15 66 382
15 67 110
15 68 442
15 69 426
15 70 184
15 71 303
15 72 129
15 73 232
15 74 214
15 75 375
15 76 297
15 77 386
15 78 521
15 79 605
15 80 589
15 81 384
15 82 566
15 83 199
15 84 174
15 85 78
15 86 105
15 87 206
15 88 63
15 89 220
15 90 496
15 91 70
15 92 7
15 93 551
15 94 372
15 95 76
15 96 130
15 97 143
15 98 136
15 99 218
15 100 187
16 17 234
16 18 293
16 19 419
16 20 181
16 21 469
16 22 159
16 23 192
16 24 188
16 25 253
16 26 117
16 27 251
16 28 271
16 29 308
16 30 69
16 31 100
16 32 149
16 33 127
16 34 197
16 35 216
16 36 72
16 37 299
16 38 314
16 39 398
16 40 196
16 41 377
16 42 154
16 43 268
16 44 241
16 45 252
16 46 180
16 47 236
16 48 219
16 49 329
16 50 427
16 51 75
16 52 323
16 53 335
16 54 67
16 55 410
16 56 56
16 57 408
16 58 126
16 59 188
16 60 403
16 61 331
16 62 301
16 63 229
16 64 333
16 65 181
16 66 85
16 67 235
16 68 329
16 69 254
16 70 188
16 71 46
16 72 272
16 73 474
16 74 173
16 75 62
16 76 143
16 77 83
16 78 395
16 79 284
16 80 266
16 81 58
16 82 293
16 83 324
16 84 449
16 85 351
16 86 226
16 87 194
16 88 357
16 89 120
16 90 236
16 91 263
16 92 323
16 93 268
16 94 337
16 95 356
16 96 235
16 97 306
16 98 411
16 99 170
16 100 343
17 18 527
17 19 611
17 20 53
17 21 374
17 22 85
17 23 55
17 24 249
17 25 312
17 26 345
17 27 460
17 28 502
17 29 141
17 30 206
17 31 333
17 32 324
17 33 325
17 34 78
17 35 378
17 36 296
17 37 272
17 38 404
17 39 301
17 40 431
17 41 448
17 42 357
17 43 33
17 44 44
17 45 153
17 46 127
17 47 451
17 48 361
17 49 109
17 50 609
17 51 306
17 52 90
17 53 531
17 54 298
17 55 593
17 56 179
17 57 579
17 58 170
17 59 85
17 60 569
17 61 554
17 62 73
17 63 200
17 64 442
17 65 416
17 66 315
17 67 182
17 68 485
17 69 436
17 70 49
17 71 193
17 72 240
17 73 407
17 74 62
17 75 296
17 76 137
17 77 315
17 78 564
17 79 512
17 80 492
17 81 288
17 82 523
17 83 90
17 84 355
17 85 155
17 86 158
17 87 42
17 88 170
17 89 194
17 90 461
17 91 168
17 92 175
17 93 500
17 94 446
17 95 252
17 96 56
17 97 78
17 98 315
17 99 66
17 100 325
18 19 265
18 20 473
18 21 676
18 22 448
18 23 481
18 24 385
18 25 405
18 26 198
18 27 159
18 28 95
18 29 579
18 30 338
18 31 193
18 32 258
18 33 233
18 34 480
18 35 267
18 36 243
18 37 500
18 38 396
18 39 618
18 40 100
18 41 453
18 42 233
18 43 560
18 44 529
18 45 510
18 46 450
18 47 141
18 48 299
18 49 621
18 50 295
18 51 220
18 52 616
18 53 211
18 54 228
18 55 282
18 56 347
18 57 307
18 58 386
18 59 471
18 60 316
18 61 111
18 62 594
18 63 462
18 64 380
18 65 111
18 66 212
18 67 478
18 68 300
18 69 228
18 70 479
18 71 337
18 72 488
18 73 657
18 74 466
18 75 231
18 76 425
18 77 211
18 78 306
18 79 115
18 80 128
18 81 245
18 82 53
18 83 617
18 84 657
18 85 629
18 86 480
18 87 487
18 88 630
18 89 367
18 90 105
18 91 516
18 92 585
18 93 40
18 94 380
18 95 590
18 96 521
18 97 595
18 98 629
18 99 463
18 100 522
19 20 564
19 21 598
19 22 526
19 23 556
19 24 381
19 25 351
19 26 390
19 27 171
19 28 359
19 29 600
19 30 487
19 31 338
19 32 287
19 33 295
19 34 540
19 35 234
19 36 413
19 37 455
19 38 284
19 39 565
19 40 316
19 41 309
19 42 450
19 43 641
19 44 594
19 45 525
19 46 495
19 47 192
19 48 257
19 49 720
19 50 35
19 51 353
19 52 697
19 53 84
19 54 358
19 55 34
19 56 456
19 57 72
19 58 440
19 59 531
19 60 89
19 61 155
19 62 684
19 63 461
19 64 244
19 65 304
19 66 341
19 67 483
19 68 149
19 69 174
19 70 563
19 71 464
19 72 461
19 73 558
19 74 564
19 75 371
19 76 561
19 77 349
19 78 83
19 79 380
19 80 390
19 81 404
19 82 214
19 83 698
19 84 585
19 85 654
19 86 497
19 87 582
19 88 647
19 89 417
19 90 211
19 91 523
19 92 590
19 93 241
19 94 241
19 95 557
19 96 581
19 97 657
19 98 570
19 99 563
19 100 448
20 21 384
20 22 41
20 23 33
20 24 214
20 25 283
20 26 292
20 27 409
20 28 449
20 29 164
20 30 156
20 31 280
20 32 276
20 33 274
20 34 62
20 35 333
20 36 243
20 37 260
20 38 372
20 39 310
20 40 377
20 41 421
20 42 307
20 43 86
20 44 71
20 45 151
20 46 100
20 47 400
20 48 319
20 49 156
20 50 564
20 51 253
20 52 143
20 53 483
20 54 245
20 55 548
20 56 125
20 57 536
20 58 127
20 59 63
20 60 526
20 61 502
20 62 123
20 63 181
20 64 408
20 65 362
20 66 262
20 67 169
20 68 443
20 69 390
20 70 15
20 71 140
20 72 227
20 73 411
20 74 14
20 75 242
20 76 98
20 77 262
20 78 521
20 79 460
20 80 440
20 81 235
20 82 470
20 83 143
20 84 365
20 85 192
20 86 145
20 87 18
20 88 204
20 89 150
20 90 408
20 91 166
20 92 194
20 93 447
20 94 412
20 95 261
20 96 72
20 97 127
20 98 324
20 99 19
20 100 314
21 22 361
21 23 351
21 24 297
21 25 271
21 26 575
21 27 533
21 28 703
21 29 235
21 30 498
21 31 521
21 32 419
21 33 448
21 34 323
21 35 414
21 36 539
21 37 177
21 38 314
21 39 74
21 40 614
21 41 296
21 42 623
21 43 371
21 44 329
21 45 236
21 46 305
21 47 543
21 48 382
21 49 436
21 50 575
21 51 499
21 52 388
21 53 551
21 54 494
21 55 566
21 56 431
21 57 533
21 58 344
21 59 326
21 60 516
21 61 637
21 62 404
21 63 240
21 64 354
21 65 592
21 66 500
21 67 236
21 68 449
21 69 470
21 70 369
21 71 460
21 72 198
21 73 60
21 74 398
21 75 503
21 76 477
21 77 507
21 78 518
21 79 723
21 80 711
21 81 523
21 82 642
21 83 387
21 84 20
21 85 250
21 86 252
21 87 394
21 88 230
21 89 349
21 90 574
21 91 221
21 92 199
21 93 637
21 94 357
21 95 123
21 96 320
21 97 332
21 98 60
21 99 402
21 100 156
22 23 33
22 24 173
22 25 242
22 26 275
22 27 374
22 28 430
22 29 157
22 30 151
22 31 254
22 32 239
22 33 239
22 34 42
22 35 294
22 36 227
22 37 224
22 38 331
22 39 286
22 40 355
22 41 380
22 42 299
22 43 117
22 44 82
22 45 125
22 46 63
22 47 366
22 48 278
22 49 194
22 50 524
22 51 227
22 52 174
22 53 446
22 54 219
22 55 508
22 56 103
22 57 495
22 58 87
22 59 36
22 60 486
22 61 470
22 62 158
22 63 145
22 64 366
22 65 338
22 66 235
22 67 135
22 68 403
22 69 351
22 70 37
22 71 125
22 72 192
22 73 383
22 74 48
22 75 219
22 76 116
22 77 236
22 78 480
22 79 443
22 80 424
22 81 216
22 82 441
22 83 175
22 84 341
22 85 195
22 86 113
22 87 60
22 88 203
22 89 110
22 90 377
22 91 140
22 92 181
22 93 419
22 94 370
22 95 238
22 96 76
22 97 147
22 98 301
22 99 50
22 100 278
23 24 194
23 25 259
23 26 307
23 27 406
23 28 463
23 29 134
23 30 178
23 31 287
23 32 270
23 33 272
23 34 30
23 35 323
23 36 259
23 37 229
23 38 350
23 39 277
23 40 388
23 41 397
23 42 328
23 43 85
23 44 49
23 45 118
23 46 73
23 47 399
23 48 305
23 49 165
23 50 553
23 51 260
23 52 142
23 53 476
23 54 252
23 55 537
23 56 136
23 57 523
23 58 115
23 59 32
23 60 513
23 61 503
23 62 128
23 63 152
23 64 388
23 65 371
23 66 268
23 67 138
23 68 430
23 69 381
23 70 18
23 71 155
23 72 196
23 73 378
23 74 46
23 75 252
23 76 129
23 77 269
23 78 508
23 79 475
23 80 456
23 81 248
23 82 474
23 83 143
23 84 331
23 85 166
23 86 114
23 87 46
23 88 176
23 89 139
23 90 410
23 91 133
23 92 162
23 93 452
23 94 392
23 95 228
23 96 45
23 97 114
23 98 291
23 99 51
23 100 283
24 25 72
24 26 281
24 27 261
24 28 406
24 29 220
24 30 238
24 31 223
24 32 127
24 33 153
24 34 170
24 35 150
24 36 251
24 37 119
24 38 157
24 39 234
24 40 317
24 41 210
24 42 336
24 43 273
24 44 221
24 45 144
24 46 122
24 47 263
24 48 124
24 49 357
24 50 372
24 51 203
24 52 326
24 53 309
24 54 198
24 55 358
24 56 170
24 57 338
24 58 93
24 59 163
24 60 327
24 61 367
24 62 319
24 63 82
24 64 193
24 65 295
24 66 203
24 67 103
24 68 242
24 69 214
24 70 207
24 71 198
24 72 103
24 73 292
24 74 220
24 75 209
24 76 262
24 77 211
24 78 323
24 79 425
24 80 413
24 81 234
24 82 359
24 83 326
24 84 278
24 85 274
24 86 116
24 87 233
24 88 268
24 89 79
24 90 289
24 91 144
24 92 213
24 93 348
24 94 198
24 95 205
24 96 208
24 97 280
24 98 245
24 99 221
24 100 157
25 26 333
25 27 262
25 28 441
25 29 257
25 30 308
25 31 269
25 32 154
25 33 186
25 34 233
25 35 143
25 36 310
25 37 105
25 38 92
25 39 222
25 40 352
25 41 139
25 42 393
25 43 334
25 44 280
25 45 185
25 46 186
25 47 271
25 48 110
25 49 419
25 50 337
25 51 254
25 52 384
25 53 290
25 54 250
25 55 324
25 56 241
25 57 299
25 58 165
25 59 227
25 60 285
25 61 367
25 62 380
25 63 121
25 64 133
25 65 329
25 66 250
25 67 143
25 68 203
25 69 202
25 70 274
25 71 268
25 72 110
25 73 252
25 74 290
25 75 263
25 76 334
25 77 260
25 78 283
25 79 462
25 80 453
25 81 292
25 82 371
25 83 384
25 84 254
25 85 310
25 86 164
25 87 301
25 88 301
25 89 151
25 90 302
25 91 179
25 92 241
25 93 366
25 94 137
25 95 207
25 96 266
25 97 333
25 98 230
25 99 291
25 100 116
26 27 221
26 28 157
26 29 425
26 30 143
26 31 69
26 32 189
26 33 155
26 34 313
26 35 245
26 36 49
26 37 399
26 38 371
26 39 507
26 40 97
26 41 436
26 42 67
26 43 378
26 44 356
26 45 367
26 46 296
26 47 198
26 48 263
26 49 430
26 50 407
26 51 79
26 52 431
26 53 309
26 54 83
26 55 390
26 56 171
26 57 399
26 58 238
26 59 305
26 60 399
26 61 267
26 62 406
26 63 337
26 64 377
26 65 94
26 66 83
26 67 346
26 68 342
26 69 255
26 70 301
26 71 152
26 72 377
26 73 573
26 74 283
26 75 72
26 76 230
26 77 73
26 78 390
26 79 168
26 80 149
26 81 58
26 82 215
26 83 432
26 84 555
26 85 468
26 86 339
26 87 303
26 88 474
26 89 228
26 90 180
26 91 377
26 92 439
26 93 184
26 94 379
26 95 467
26 96 351
26 97 419
26 98 519
26 99 279
26 100 438
27 28 230
27 29 476
27 30 317
27 31 166
27 32 140
27 33 135
27 34 396
27 35 118
27 36 242
27 37 364
27 38 239
27 39 483
27 40 161
27 41 294
27 42 284
27 43 492
27 44 449
27 45 401
27 46 356
27 47 25
27 48 151
27 49 566
27 50 185
27 51 182
27 52 549
27 53 88
27 54 188
27 55 169
27 56 293
27 57 179
27 58 295
27 59 387
27 60 182
27 61 106
27 62 532
27 63 343
27 64 220
27 65 145
27 66 171
27 67 363
27 68 144
27 69 68
27 70 410
27 71 297
27 72 359
27 73 508
27 74 407
27 75 200
27 76 394
27 77 178
27 78 172
27 79 253
27 80 255
27 81 232
27 82 114
27 83 549
27 84 516
27 85 529
27 86 371
27 87 426
27 88 526
27 89 271
27 90 60
27 91 403
27 92 473
27 93 120
27 94 220
27 95 462
27 96 439
27 97 515
27 98 491
27 99 405
27 100 377
28 29 576
28 30 299
28 31 186
28 32 287
28 33 256
28 34 468
28 35 317
28 36 206
28 37 526
28 38 451
28 39 640
28 40 89
28 41 513
28 42 165
28 43 535
28 44 512
28 45 513
28 46 446
28 47 206
28 48 345
28 49 585
28 50 386
28 51 211
28 52 588
28 53 297
28 54 219
28 55 373
28 56 326
28 57 395
28 58 384
28 59 459
28 60 402
28 61 205
28 62 563
28 63 474
28 64 442
28 65 112
28 66 208
28 67 487
28 68 374
28 69 293
28 70 457
28 71 309
28 72 508
28 73 693
28 74 440
28 75 215
28 76 384
28 77 203
28 78 392
28 79 23
28 80 32
28 81 214
28 82 145
28 83 589
28 84 684
28 85 622
28 86 484
28 87 460
28 88 626
28 89 370
28 90 170
28 91 522
28 92 587
28 93 118
28 94 443
28 95 606
28 96 506
28 97 576
28 98 652
28 99 436
28 100 556
29 30 309
29 31 391
29 32 336
29 33 351
29 34 115
29 35 370
29 36 379
29 37 177
29 38 347
29 39 166
29 40 494
29 41 373
29 42 455
29 43 136
29 44 98
29 45 75
29 46 130
29 47 474
29 48 344
29 49 205
29 50 590
29 51 365
29 52 158
29 53 529
29 54 357
29 55 576
29 56 255
29 57 554
29 58 193
29 59 122
29 60 541
29 61 580
29 62 171
29 63 140
29 64 390
29 65 475
29 66 370
29 67 117
29 68 458
29 69 433
29 70 149
29 71 280
29 72 153
29 73 275
29 74 179
29 75 361
29 76 263
29 77 374
29 78 538
29 79 591
29 80 573
29 81 366
29 82 563
29 83 157
29 84 217
29 85 54
29 86 104
29 87 169
29 88 51
29 89 212
29 90 494
29 91 78
29 92 36
29 93 546
29 94 394
29 95 119
29 96 92
29 97 101
29 98 179
29 99 184
29 100 221
30 31 156
30 32 218
30 33 197
30 34 193
30 35 285
30 36 95
30 37 337
30 38 377
30 39 424
30 40 238
30 41 439
30 42 150
30 43 238
30 44 226
30 45 267
30 46 194
30 47 300
30 48 286
30 49 286
30 50 495
30 51 135
30 52 290
30 53 403
30 54 129
30 55 479
30 56 69
30 57 477
30 58 157
30 59 187
30 60 473
30 61 391
30 62 264
30 63 260
30 64 399
30 65 228
30 66 147
30 67 261
30 68 399
30 69 323
30 70 168
30 71 40
30 72 307
30 73 510
30 74 145
30 75 119
30 76 86
30 77 141
30 78 465
30 79 308
30 80 287
30 81 94
30 82 347
30 83 291
30 84 477
30 85 345
30 86 246
30 87 164
30 88 354
30 89 161
30 90 296
30 91 280
30 92 331
30 93 319
30 94 402
30 95 378
30 96 224
30 97 284
30 98 438
30 99 140
30 100 386
31 32 121
31 33 87
31 34 288
31 35 176
31 36 76
31 37 343
31 38 302
31 39 455
31 40 102
31 41 367
31 42 135
31 43 366
31 44 336
31 45 327
31 46 261
31 47 146
31 48 194
31 49 430
31 50 351
31 51 27
31 52 423
31 53 255
31 54 35
31 55 334
31 56 154
31 57 339
31 58 199
31 59 279
31 60 338
31 61 234
31 62 401
31 63 288
31 64 308
31 65 84
31 66 21
31 67 300
31 68 275
31 69 190
31 70 285
31 71 146
31 72 324
31 73 514
31 74 273
31 75 38
31 76 240
31 77 18
31 78 329
31 79 204
31 80 190
31 81 66
31 82 193
31 83 424
31 84 501
31 85 439
31 86 298
31 87 294
31 88 442
31 89 183
31 90 139
31 91 335
31 92 401
31 93 167
31 94 310
31 95 419
31 96 329
31 97 402
31 98 467
31 99 270
31 100 378
32 33 34
32 34 257
32 35 67
32 36 180
32 37 242
32 38 181
32 39 360
32 40 198
32 41 246
32 42 254
32 43 355
32 44 311
32 45 262
32 46 216
32 47 138
32 48 74
32 49 432
32 50 289
32 51 113
32 52 412
32 53 206
32 54 113
32 55 272
32 56 173
32 57 265
32 58 156
32 59 248
32 60 258
32 61 243
32 62 397
32 63 207
32 64 191
32 65 175
32 66 106
32 67 226
32 68 181
32 69 113
32 70 275
32 71 186
32 72 230
32 73 405
32 74 276
32 75 128
32 76 280
32 77 117
32 78 251
32 79 308
32 80 299
32 81 163
32 82 231
32 83 413
32 84 400
32 85 389
32 86 232
32 87 294
32 88 387
32 89 132
32 90 161
32 91 266
32 92 336
32 93 220
32 94 193
32 95 333
32 96 299
32 97 376
32 98 371
32 99 275
32 100 268
33 34 263
33 35 94
33 36 149
33 37 271
33 38 215
33 39 387
33 40 167
33 41 280
33 42 221
33 43 357
33 44 316
33 45 279
33 46 225
33 47 127
33 48 107
33 49 431
33 50 300
33 51 81
33 52 414
33 53 212
33 54 82
33 55 284
33 56 161
33 57 280
33 58 162
33 59 254
33 60 275
33 61 232
33 62 397
33 63 228
33 64 223
33 65 143
33 66 73
33 67 245
33 68 203
33 69 126
33 70 275
33 71 169
33 72 256
33 73 437
33 74 272
33 75 97
33 76 266
33 77 83
33 78 268
33 79 276
33 80 266
33 81 133
33 82 212
33 83 415
33 84 429
33 85 403
33 86 249
33 87 291
33 88 402
33 89 140
33 90 143
33 91 284
33 92 353
33 93 197
33 94 225
33 95 357
33 96 306
33 97 382
33 98 398
33 99 270
33 100 300
34 35 306
34 36 267
34 37 199
34 38 325
34 39 249
34 40 389
34 41 370
34 42 340
34 43 103
34 44 53
34 45 88
34 46 48
34 47 390
34 48 287
34 49 186
34 50 536
34 51 261
34 52 157
34 53 462
34 54 253
34 55 520
34 56 142
34 57 505
34 58 101
34 59 9
34 60 494
34 61 495
34 62 148
34 63 123
34 64 364
34 65 372
34 66 268
34 67 108
34 68 410
34 69 366
34 70 48
34 71 165
34 72 166
34 73 349
34 74 75
34 75 254
34 76 154
34 77 270
34 78 489
34 79 481
34 80 463
34 81 255
34 82 470
34 83 158
34 84 303
34 85 155
34 86 84
34 87 76
34 88 161
34 89 124
34 90 404
34 91 104
34 92 139
34 93 450
34 94 368
34 95 200
34 96 42
34 97 119
34 98 263
34 99 79
34 100 253
35 36 243
35 37 246
35 38 134
35 39 364
35 40 232
35 41 197
35 42 312
35 43 408
35 44 359
35 45 294
35 46 261
35 47 129
35 48 32
35 49 488
35 50 230
35 51 175
35 52 464
35 53 159
35 54 176
35 55 214
35 56 238
35 57 202
35 58 207
35 59 297
35 60 194
35 61 224
35 62 451
35 63 232
35 64 132
35 65 209
35 66 166
35 67 253
35 68 114
35 69 63
35 70 331
35 71 253
35 72 243
35 73 391
35 74 335
35 75 191
35 76 345
35 77 176
35 78 187
35 79 339
35 80 334
35 81 227
35 82 229
35 83 464
35 84 397
35 85 424
35 86 266
35 87 352
35 88 419
35 89 184
35 90 162
35 91 294
35 92 363
35 93 227
35 94 134
35 95 345
35 96 347
35 97 423
35 98 373
35 99 334
35 100 258
36 37 366
36 38 359
36 39 469
36 40 142
36 41 424
36 42 84
36 43 329
36 44 308
36 45 324
36 46 253
36 47 221
36 48 254
36 49 381
36 50 427
36 51 68
36 52 382
36 53 330
36 54 67
36 55 410
36 56 124
36 57 414
36 58 198
36 59 259
36 60 413
36 61 302
36 62 357
36 63 299
36 64 371
36 65 134
36 66 77
36 67 307
36 68 348
36 69 264
36 70 252
36 71 103
36 72 342
36 73 541
36 74 234
36 75 52
36 76 182
36 77 68
36 78 404
36 79 216
36 80 197
36 81 17
36 82 254
36 83 383
36 84 519
36 85 422
36 86 298
36 87 254
36 88 428
36 89 190
36 90 211
36 91 335
36 92 395
36 93 225
36 94 373
36 95 428
36 96 303
36 97 370
36 98 482
36 99 230
36 100 409
37 38 179
37 39 119
37 40 437
37 41 197
37 42 451
37 43 285
37 44 231
37 45 120
37 46 161
37 47 371
37 48 214
37 49 366
37 50 438
37 51 323
37 52 325
37 53 395
37 54 317
37 55 426
37 56 268
37 57 399
37 58 180
37 59 197
37 60 384
37 61 470
37 62 329
37 63 80
37 64 223
37 65 414
37 66 322
37 67 91
37 68 305
37 69 306
37 70 247
37 71 297
37 72 33
37 73 175
37 74 271
37 75 327
37 76 337
37 77 330
37 78 383
37 79 545
37 80 533
37 81 349
37 82 470
37 83 324
37 84 158
37 85 224
37 86 115
37 87 275
37 88 211
37 89 179
37 90 400
37 91 107
37 92 152
37 93 462
37 94 227
37 95 102
37 96 217
37 97 269
37 98 128
37 99 274
37 100 54
38 39 282
38 40 366
38 41 65
38 42 436
38 43 427
38 44 372
38 45 276
38 46 277
38 47 255
38 48 109
38 49 511
38 50 263
38 51 294
38 52 476
38 53 238
38 54 293
38 55 253
38 56 315
38 57 222
38 58 249
38 59 319
38 60 206
38 61 334
38 62 472
38 63 212
38 64 44
38 65 343
38 66 288
38 67 234
38 68 135
38 69 170
38 70 364
38 71 338
38 72 194
38 73 278
38 74 378
38 75 307
38 76 415
38 77 298
38 78 206
38 79 473
38 80 469
38 81 341
38 82 353
38 83 476
38 84 301
38 85 398
38 86 256
38 87 390
38 88 387
38 89 231
38 90 292
38 91 269
38 92 327
38 93 356
38 94 48
38 95 280
38 96 359
38 97 426
38 98 287
38 99 379
38 100 164
39 40 552
39 41 280
39 42 553
39 43 301
39 44 256
39 45 161
39 46 231
39 47 490
39 48 332
39 49 370
39 50 546
39 51 433
39 52 322
39 53 511
39 54 427
39 55 535
39 56 358
39 57 505
39 58 273
39 59 251
39 60 489
39 61 589
39 62 337
39 63 169
39 64 325
39 65 529
39 66 434
39 67 164
39 68 416
39 69 424
39 70 295
39 71 387
39 72 131
39 73 109
39 74 324
39 75 435
39 76 402
39 77 441
39 78 489
39 79 659
39 80 646
39 81 453
39 82 589
39 83 321
39 84 54
39 85 189
39 86 178
39 87 320
39 88 170
39 89 279
39 90 519
39 91 146
39 92 130
39 93 580
39 94 329
39 95 49
39 96 246
39 97 266
39 98 14
39 99 328
39 100 118
40 41 429
40 42 141
40 43 464
40 44 437
40 45 429
40 46 364
40 47 136
40 48 258
40 49 522
40 50 338
40 51 128
40 52 519
40 53 242
40 54 136
40 55 323
40 56 252
40 57 339
40 58 301
40 59 380
40 60 343
40 61 177
40 62 496
40 63 387
40 64 361
40 65 23
40 66 123
40 67 401
40 68 302
40 69 216
40 70 384
40 71 239
40 72 420
40 73 604
40 74 370
40 75 136
40 76 325
40 77 119
40 78 333
40 79 109
40 80 102
40 81 145
40 82 120
40 83 520
40 84 595
40 85 542
40 86 399
40 87 390
40 88 544
40 89 285
40 90 106
40 91 436
40 92 503
40 93 89
40 94 362
40 95 518
40 96 430
40 97 502
40 98 563
40 99 366
40 100 467
41 42 501
41 43 468
41 44 413
41 45 309
41 46 323
41 47 313
41 48 174
41 49 552
41 50 283
41 51 359
41 52 514
41 53 279
41 54 358
41 55 275
41 56 375
41 57 240
41 58 304
41 59 364
41 60 223
41 61 383
41 62 513
41 63 250
41 64 74
41 65 406
41 66 353
41 67 270
41 68 170
41 69 225
41 70 412
41 71 400
41 72 220
41 73 251
41 74 429
41 75 373
41 76 472
41 77 363
41 78 226
41 79 535
41 80 531
41 81 406
41 82 408
41 83 514
41 84 286
41 85 422
41 86 293
41 87 439
41 88 408
41 89 287
41 90 350
41 91 299
41 92 349
41 93 414
41 94 75
41 95 288
41 96 399
41 97 460
41 98 280
41 99 430
41 100 164
42 43 388
42 44 376
42 45 404
42 46 332
42 47 260
42 48 328
42 49 430
42 50 469
42 51 141
42 52 438
42 53 372
42 54 143
42 55 453
42 56 200
42 57 463
42 58 280
42 59 333
42 60 464
42 61 318
42 62 411
42 63 383
42 64 444
42 65 146
42 66 148
42 67 389
42 68 409
42 69 322
42 70 318
42 71 174
42 72 426
42 73 626
42 74 296
42 75 130
42 76 228
42 77 137
42 78 455
42 79 168
42 80 145
42 81 102
42 82 261
42 83 439
42 84 603
42 85 494
42 86 379
42 87 314
42 88 502
42 89 274
42 90 239
42 91 416
42 92 474
42 93 230
42 94 446
42 95 511
42 96 373
42 97 435
42 98 566
42 99 291
42 100 493
43 44 55
43 45 164
43 46 151
43 47 483
43 48 389
43 49 84
43 50 638
43 51 340
43 52 57
43 53 562
43 54 332
43 55 622
43 56 212
43 57 607
43 58 200
43 59 111
43 60 597
43 61 587
43 62 45
43 63 218
43 64 466
43 65 449
43 66 348
43 67 199
43 68 513
43 69 467
43 70 81
43 71 226
43 72 254
43 73 409
43 74 95
43 75 329
43 76 165
43 77 348
43 78 592
43 79 545
43 80 525
43 81 321
43 82 556
43 83 57
43 84 353
43 85 138
43 86 174
43 87 75
43 88 155
43 89 224
43 90 493
43 91 178
43 92 172
43 93 533
43 94 470
43 95 253
43 96 68
43 97 52
43 98 315
43 99 99
43 100 337
44 45 111
44 46 99
44 47 443
44 48 339
44 49 139
44 50 589
44 51 309
44 52 105
44 53 516
44 54 301
44 55 574
44 56 185
44 57 557
44 58 154
44 59 62
44 60 546
44 61 548
44 62 100
44 63 163
44 64 412
44 65 420
44 66 316
44 67 144
44 68 462
44 69 420
44 70 58
44 71 204
44 72 199
44 73 363
44 74 84
44 75 301
44 76 168
44 77 318
44 78 542
44 79 524
44 80 505
44 81 298
44 82 521
44 83 105
44 84 310
44 85 121
44 86 119
44 87 72
44 88 133
44 89 178
44 90 456
44 91 125
44 92 131
44 93 500
44 94 416
44 95 207
44 96 13
44 97 66
44 98 270
44 99 89
44 100 283
45 46 73
45 47 400
45 48 268
45 49 246
45 50 515
45 51 301
45 52 205
45 53 453
45 54 294
45 55 501
45 56 204
45 57 479
45 58 128
45 59 90
45 60 466
45 61 506
45 62 208
45 63 65
45 64 319
45 65 408
45 66 305
45 67 42
45 68 383
45 69 358
45 70 136
45 71 232
45 72 90
45 73 260
45 74 164
45 75 299
45 76 241
45 77 310
45 78 463
45 79 529
45 80 513
45 81 310
45 82 491
45 83 205
45 84 216
45 85 129
45 86 30
45 87 163
45 88 124
45 89 144
45 90 422
45 91 15
45 92 74
45 93 475
45 94 323
45 95 113
45 96 98
45 97 151
45 98 175
45 99 168
45 100 172
46 47 351
46 48 240
46 49 235
46 50 490
46 51 235
46 52 205
46 53 418
46 54 227
46 55 474
46 56 131
46 57 458
46 58 64
46 59 41
46 60 447
46 61 457
46 62 196
46 63 82
46 64 315
46 65 345
46 66 240
46 67 72
46 68 363
46 69 322
46 70 89
46 71 159
46 72 128
46 73 323
46 74 110
46 75 231
46 76 176
46 77 244
46 78 442
46 79 461
46 80 444
46 81 239
46 82 436
46 83 205
46 84 284
46 85 179
46 86 52
46 87 117
46 88 180
46 89 85
46 90 368
46 91 86
46 92 142
46 93 418
46 94 319
46 95 184
46 96 86
46 97 162
46 98 245
46 99 113
46 100 215
47 48 161
47 49 555
47 50 208
47 51 164
47 52 541
47 53 111
47 54 171
47 55 192
47 56 281
47 57 204
47 58 289
47 59 381
47 60 207
47 61 105
47 62 523
47 63 345
47 64 240
47 65 120
47 66 153
47 67 364
47 68 168
47 69 88
47 70 402
47 71 282
47 72 364
47 73 520
47 74 397
47 75 182
47 76 379
47 77 159
47 78 197
47 79 229
47 80 231
47 81 213
47 82 100
47 83 541
47 84 525
47 85 527
47 86 371
47 87 416
47 88 525
47 89 267
47 90 37
47 91 404
47 92 474
47 93 101
47 94 240
47 95 466
47 96 433
47 97 509
47 98 499
47 99 395
47 100 387
48 49 471
48 50 249
48 51 188
48 52 444
48 53 186
48 54 187
48 55 234
48 56 233
48 57 218
48 58 191
48 59 278
48 60 208
48 61 256
48 62 434
48 63 205
48 64 116
48 65 235
48 66 180
48 67 226
48 68 124
48 69 93
48 70 315
48 71 251
48 72 212
48 73 359
48 74 321
48 75 202
48 76 340
48 77 191
48 78 202
48 79 367
48 80 361
48 81 238
48 82 261
48 83 445
48 84 364
48 85 398
48 86 240
48 87 337
48 88 391
48 89 168
48 90 194
48 91 267
48 92 335
48 93 259
48 94 119
48 95 314
48 96 327
48 97 401
48 98 340
48 99 321
48 100 226
49 50 718
49 51 404
49 52 48
49 53 639
49 54 396
49 55 702
49 56 277
49 57 689
49 58 280
49 59 194
49 60 679
49 61 657
49 62 38
49 63 302
49 64 550
49 65 510
49 66 413
49 67 282
49 68 595
49 69 545
49 70 157
49 71 284
49 72 336
49 73 479
49 74 158
49 75 391
49 76 202
49 77 412
49 78 674
49 79 593
49 80 572
49 81 377
49 82 622
49 83 49
49 84 420
49 85 188
49 86 258
49 87 139
49 88 208
49 89 303
49 90 562
49 91 259
49 92 240
49 93 597
49 94 554
49 95 324
49 96 152
49 97 104
49 98 383
49 99 161
49 100 417
50 51 364
50 52 694
50 53 97
50 54 369
50 55 16
50 56 460
50 57 42
50 58 438
50 59 527
50 60 59
50 61 185
50 62 682
50 63 450
50 64 221
50 65 325
50 66 353
50 67 472
50 68 133
50 69 175
50 70 561
50 71 470
50 72 447
50 73 533
50 74 564
50 75 382
50 76 566
50 77 360
50 78 57
50 79 408
50 80 417
50 81 416
50 82 242
50 83 694
50 84 563
50 85 644
50 86 488
50 87 582
50 88 636
50 89 414
50 90 232
50 91 512
50 92 578
50 93 268
50 94 218
50 95 541
50 96 576
50 97 651
50 98 550
50 99 563
50 100 427
51 52 396
51 53 269
51 54 8
51 55 347
51 56 127
51 57 349
51 58 173
51 59 252
51 60 347
51 61 257
51 62 375
51 63 264
51 64 304
51 65 111
51 66 11
51 67 276
51 68 280
51 69 197
51 70 259
51 71 121
51 72 302
51 73 495
51 74 247
51 75 17
51 76 217
51 77 9
51 78 338
51 79 228
51 80 213
51 81 53
51 82 218
51 83 397
51 84 479
51 85 413
51 86 272
51 87 267
51 88 416
51 89 158
51 90 162
51 91 310
51 92 375
51 93 193
51 94 306
51 95 396
51 96 302
51 97 375
51 98 445
51 99 244
51 100 360
52 53 618
52 54 388
52 55 678
52 56 268
52 57 662
52 58 257
52 59 166
52 60 652
52 61 644
52 62 30
52 63 265
52 64 517
52 65 505
52 66 405
52 67 244
52 68 568
52 69 523
52 70 139
52 71 280
52 72 296
52 73 432
52 74 149
52 75 385
52 76 211
52 77 405
52 78 647
52 79 598
52 80 577
52 81 375
52 82 613
52 83 1
52 84 372
52 85 139
52 86 221
52 87 129
52 88 159
52 89 280
52 90 551
52 91 217
52 92 193
52 93 590
52 94 521
52 95 277
52 96 118
52 97 57
52 98 335
52 99 153
52 100 374
53 54 274
53 55 81
53 56 373
53 57 97
53 58 361
53 59 453
53 60 105
53 61 112
53 62 604
53 63 391
53 64 206
53 65 228
53 66 258
53 67 412
53 68 109
53 69 96
53 70 482
53 71 380
53 72 397
53 73 517
53 74 482
53 75 287
53 76 477
53 77 265
53 78 95
53 79 320
53 80 326
53 81 320
53 82 158
53 83 619
53 84 536
53 85 583
53 86 425
53 87 501
53 88 578
53 89 338
53 90 136
53 91 453
53 92 522
53 93 179
53 94 204
53 95 497
53 96 504
53 97 580
53 98 517
53 99 481
53 100 396
54 55 352
54 56 119
54 57 353
54 58 165
54 59 244
54 60 351
54 61 264
54 62 367
54 63 258
54 64 304
54 65 119
54 66 18
54 67 269
54 68 283
54 69 201
54 70 251
54 71 114
54 72 296
54 73 490
54 74 239
54 75 15
54 76 210
54 77 17
54 78 342
54 79 235
54 80 220
54 81 51
54 82 226
54 83 389
54 84 474
54 85 405
54 86 265
54 87 259
54 88 408
54 89 151
54 90 169
54 91 303
54 92 368
54 93 201
54 94 306
54 95 389
54 96 294
54 97 367
54 98 439
54 99 236
54 100 355
55 56 444
55 57 37
55 58 422
55 59 512
55 60 54
55 61 174
55 62 666
55 63 436
55 64 212
55 65 310
55 66 336
55 67 458
55 68 120
55 69 159
55 70 545
55 71 453
55 72 434
55 73 525
55 74 548
55 75 365
55 76 550
55 77 344
55 78 49
55 79 395
55 80 403
55 81 399
55 82 229
55 83 678
55 84 553
55 85 630
55 86 474
55 87 566
55 88 622
55 89 398
55 90 217
55 91 498
55 92 564
55 93 254
55 94 209
55 95 529
55 96 561
55 97 636
55 98 540
55 99 547
55 100 417
56 57 438
56 58 88
56 59 134
56 60 431
56 61 380
56 62 247
56 63 192
56 64 341
56 65 237
56 66 136
56 67 194
56 68 352
56 69 285
56 70 132
56 71 29
56 72 239
56 73 441
56 74 119
56 75 116
56 76 107
56 77 136
56 78 424
56 79 339
56 80 321
56 81 112
56 82 345
56 83 269
56 84 410
56 85 297
56 86 181
56 87 139
56 88 303
56 89 92
56 90 285
56 91 217
56 92 273
56 93 321
56 94 344
56 95 313
56 96 180
56 97 250
56 98 371
56 99 116
56 100 317
57 58 409
57 59 496
57 60 17
57 61 202
57 62 652
57 63 414
57 64 180
57 65 323
57 66 338
57 67 437
57 68 96
57 69 154
57 70 532
57 71 449
57 72 409
57 73 491
57 74 537
57 75 367
57 76 544
57 77 347
57 78 16
57 79 418
57 80 424
57 81 402
57 82 254
57 83 663
57 84 521
57 85 608
57 86 454
57 87 554
57 88 599
57 89 385
57 90 233
57 91 476
57 92 540
57 93 277
57 94 177
57 95 501
57 96 545
57 97 619
57 98 509
57 99 536
57 100 386
58 59 92
58 60 399
58 61 394
58 62 244
58 63 104
58 64 282
58 65 281
58 66 177
58 67 109
58 68 316
58 69 266
58 70 123
58 71 117
58 72 150
58 73 353
58 74 131
58 75 170
58 76 169
58 77 182
58 78 394
58 79 401
58 80 384
58 81 182
58 82 372
58 83 257
58 84 324
58 85 243
58 86 101
58 87 146
58 88 244
58 89 23
58 90 305
58 91 138
58 92 202
58 93 354
58 94 286
58 95 230
58 96 143
58 97 220
58 98 286
58 99 131
58 100 229
59 60 486
59 61 486
59 62 156
59 63 119
59 64 357
59 65 363
59 66 259
59 67 106
59 68 402
59 69 357
59 70 50
59 71 158
59 72 164
59 73 350
59 74 75
59 75 245
59 76 151
59 77 261
59 78 481
59 79 473
59 80 455
59 81 246
59 82 461
59 83 166
59 84 305
59 85 163
59 86 82
59 87 78
59 88 169
59 89 115
59 90 395
59 91 105
59 92 144
59 93 440
59 94 361
59 95 202
59 96 51
59 97 128
59 98 265
59 99 78
59 100 251
60 61 213
60 62 642
60 63 401
60 64 164
60 65 327
60 66 336
60 67 424
60 68 84
60 69 150
60 70 523
60 71 444
60 72 394
60 73 474
60 74 528
60 75 365
60 76 538
60 77 345
60 78 10
60 79 425
60 80 431
60 81 400
60 82 263
60 83 652
60 84 504
60 85 594
60 86 441
60 87 545
60 88 585
60 89 376
60 90 237
60 91 463
60 92 527
60 93 284
60 94 160
60 95 486
60 96 533
60 97 607
60 98 493
60 99 528
60 100 370
61 62 625
61 63 449
61 64 308
61 65 174
61 66 246
61 67 468
61 68 216
61 69 166
61 70 505
61 71 378
61 72 465
61 73 609
61 74 498
61 75 272
61 76 474
61 77 250
61 78 204
61 79 226
61 80 237
61 81 298
61 82 61
61 83 645
61 84 620
61 85 633
61 86 476
61 87 518
61 88 630
61 89 372
61 90 95
61 91 508
61 92 578
61 93 92
61 94 307
61 95 568
61 96 538
61 97 614
61 98 597
61 99 496
61 100 480
62 63 263
62 64 512
62 65 482
62 66 384
62 67 244
62 68 558
62 69 510
62 70 121
62 71 257
62 72 298
62 73 446
62 74 127
62 75 363
62 76 183
62 77 383
62 78 637
62 79 572
62 80 551
62 81 351
62 82 592
62 83 31
62 84 387
62 85 160
62 86 220
62 87 107
62 88 179
62 89 267
62 90 531
62 91 221
62 92 207
62 93 568
62 94 516
62 95 290
62 96 114
62 97 72
62 98 350
62 99 130
62 100 380
63 64 254
63 65 366
63 66 266
63 67 22
63 68 318
63 69 296
63 70 169
63 71 221
63 72 48
63 73 249
63 74 192
63 75 266
63 76 256
63 77 273
63 78 398
63 79 492
63 80 478
63 81 283
63 82 438
63 83 264
63 84 219
63 85 193
63 86 43
63 87 197
63 88 186
63 89 109
63 90 368
63 91 62
63 92 131
63 93 426
63 94 258
63 95 131
63 96 149
63 97 213
63 98 182
63 99 195
63 100 133
64 65 339
64 66 296
64 67 276
64 68 98
64 69 152
64 70 401
64 71 362
64 72 238
64 73 314
64 74 413
64 75 319
64 76 444
64 77 306
64 78 164
64 79 465
64 80 463
64 81 354
64 82 334
64 83 517
64 84 341
64 85 442
64 86 297
64 87 426
64 88 431
64 89 262
64 90 277
64 91 312
64 92 371
64 93 341
64 94 4
64 95 324
64 96 398
64 97 467
64 98 329
64 99 414
64 100 206
65 66 104
65 67 380
65 68 282
65 69 196
65 70 369
65 71 226
65 72 398
65 73 580
65 74 355
65 75 120
65 76 315
65 77 102
65 78 317
65 79 133
65 80 125
65 81 134
65 82 121
65 83 506
65 84 572
65 85 523
65 86 379
65 87 376
65 88 525
65 89 264
65 90 93
65 91 416
65 92 483
65 93 91
65 94 340
65 95 496
65 96 413
65 97 485
65 98 541
65 99 352
65 100 443
66 67 279
66 68 270
66 69 187
66 70 267
66 71 132
66 72 302
66 73 494
66 74 256
66 75 29
66 76 228
66 77 10
66 78 327
66 79 225
66 80 211
66 81 64
66 82 208
66 83 406
66 84 480
66 85 419
66 86 276
66 87 276
66 88 421
66 89 161
66 90 151
66 91 314
66 92 380
66 93 184
66 94 299
66 95 398
66 96 309
66 97 383
66 98 446
66 99 253
66 100 358
67 68 340
67 69 317
67 70 156
67 71 223
67 72 58
67 73 251
67 74 180
67 75 276
67 76 249
67 77 285
67 78 421
67 79 505
67 80 490
67 81 291
67 82 456
67 83 244
67 84 216
67 85 171
67 86 24
67 87 184
67 88 165
67 89 118
67 90 386
67 91 40
67 92 110
67 93 442
67 94 281
67 95 121
67 96 130
67 97 191
67 98 177
67 99 183
67 100 145
68 69 87
68 70 439
68 71 367
68 72 314
68 73 412
68 74 446
68 75 297
68 76 460
68 77 280
68 78 80
68 79 398
68 80 399
68 81 333
68 82 250
68 83 568
68 84 436
68 85 512
68 86 357
68 87 462
68 88 503
68 89 293
68 90 204
68 91 380
68 92 445
68 93 263
68 94 96
68 95 408
68 96 449
68 97 523
68 98 420
68 99 445
68 100 298
69 70 388
69 71 295
69 72 305
69 73 443
69 74 390
69 75 215
69 76 391
69 77 196
69 78 141
69 79 316
69 80 315
69 81 251
69 82 183
69 83 523
69 84 454
69 85 487
69 86 329
69 87 408
69 88 482
69 89 242
69 90 125
69 91 358
69 92 427
69 93 188
69 94 152
69 95 407
69 96 408
69 97 484
69 98 432
69 99 389
69 100 314
70 71 148
70 72 214
70 73 397
70 74 29
70 75 249
70 76 113
70 77 267
70 78 517
70 79 469
70 80 449
70 81 243
70 82 474
70 83 139
70 84 350
70 85 178
70 86 132
70 87 28
70 88 189
70 89 147
70 90 412
70 91 152
70 92 179
70 93 452
70 94 405
70 95 246
70 96 58
70 97 118
70 98 309
70 99 34
70 100 301
71 72 268
71 73 471
71 74 131
71 75 107
71 76 97
71 77 129
71 78 436
71 79 320
71 80 300
71 81 95
71 82 339
71 83 281
71 84 439
71 85 320
71 86 210
71 87 151
71 88 327
71 89 121
71 90 283
71 91 245
71 92 299
71 93 313
71 94 366
71 95 342
71 96 200
71 97 267
71 98 401
71 99 127
71 100 346
72 73 202
72 74 238
72 75 305
72 76 304
72 77 310
72 78 392
72 79 527
72 80 514
72 81 325
72 82 461
72 83 295
72 84 177
72 85 204
72 86 82
72 87 242
72 88 192
72 89 152
72 90 391
72 91 79
72 92 133
72 93 451
72 94 242
72 95 102
72 96 186
72 97 241
72 98 143
72 99 241
72 100 87
73 74 424
73 75 501
73 76 499
73 77 502
73 78 476
73 79 713
73 80 703
73 81 524
73 82 620
73 83 431
73 84 65
73 85 297
73 86 271
73 87 423
73 88 278
73 89 354
73 90 553
73 91 245
73 92 239
73 93 617
73 94 317
73 95 156
73 96 352
73 97 375
73 98 96
73 99 428
73 100 137
74 75 235
74 76 84
74 77 255
74 78 522
74 79 450
74 80 430
74 81 226
74 82 465
74 83 150
74 84 378
74 85 206
74 86 157
74 87 20
74 88 217
74 89 153
74 90 404
74 91 179
74 92 208
74 93 441
74 94 417
74 95 274
74 96 87
74 97 138
74 98 338
74 99 5
74 100 325
75 76 201
75 77 22
75 78 356
75 79 230
75 80 214
75 81 36
75 82 231
75 83 386
75 84 483
75 85 407
75 86 271
75 87 256
75 88 411
75 89 157
75 90 178
75 91 308
75 92 373
75 93 206
75 94 321
75 95 397
75 96 294
75 97 366
75 98 448
75 99 232
75 100 366
76 77 224
76 78 531
76 79 391
76 80 369
76 81 180
76 82 432
76 83 212
76 84 457
76 85 289
76 86 228
76 87 97
76 88 301
76 89 184
76 90 379
76 91 256
76 92 291
76 93 405
76 94 448
76 95 354
76 96 171
76 97 215
76 98 417
76 99 79
76 100 390
77 78 336
77 79 219
77 80 205
77 81 55
77 82 210
77 83 405
77 84 487
77 85 422
77 86 281
77 87 276
77 88 425
77 89 167
77 90 155
77 91 319
77 92 384
77 93 185
77 94 309
77 95 404
77 96 311
77 97 384
77 98 453
77 99 252
77 100 367
78 79 415
78 80 421
78 81 391
78 82 253
78 83 647
78 84 506
78 85 592
78 86 438
78 87 539
78 88 583
78 89 370
78 90 227
78 91 460
78 92 524
78 93 274
78 94 161
78 95 485
78 96 529
78 97 603
78 98 493
78 99 522
78 100 371
79 80 23
79 81 226
79 82 166
79 83 599
79 84 703
79 85 636
79 86 501
79 87 470
79 88 641
79 89 387
79 90 193
79 91 538
79 92 603
79 93 141
79 94 466
79 95 624
79 96 519
79 97 587
79 98 671
79 99 446
79 100 576
80 81 208
80 82 176
80 83 578
80 84 691
80 85 618
80 86 485
80 87 450
80 88 623
80 89 371
80 90 195
80 91 523
80 92 587
80 93 149
80 94 464
80 95 610
80 96 500
80 97 567
80 98 658
80 99 426
80 100 566
81 82 252
81 83 376
81 84 502
81 85 410
81 86 283
81 87 246
81 88 415
81 89 174
81 90 205
81 91 320
81 92 381
81 93 224
81 94 357
81 95 412
81 96 292
81 97 361
81 98 466
81 99 222
81 100 391
82 83 614
82 84 625
82 85 614
82 86 461
82 87 485
82 88 614
82 89 351
82 90 70
82 91 495
82 92 565
82 93 31
82 94 334
82 95 563
82 96 512
82 97 588
82 98 598
82 99 462
82 100 487
83 84 371
83 85 138
83 86 221
83 87 130
83 88 158
83 89 281
83 90 551
83 91 216
83 92 192
83 93 591
83 94 521
83 95 276
83 96 118
83 97 56
83 98 334
83 99 154
83 100 374
84 85 235
84 86 232
84 87 375
84 88 215
84 89 328
84 90 556
84 91 200
84 92 181
84 93 618
84 94 344
84 95 103
84 96 300
84 97 316
84 98 40
84 99 383
84 100 140
85 86 158
85 87 192
85 88 20
85 89 263
85 90 546
85 91 131
85 92 72
85 93 597
85 94 446
85 95 149
85 96 121
85 97 89
85 98 201
85 99 211
85 100 265
86 87 160
86 88 154
86 89 114
86 90 392
86 91 37
86 92 104
86 93 445
86 94 301
86 95 132
86 96 106
86 97 169
86 98 192
86 99 160
86 100 169
87 88 205
87 89 169
87 90 424
87 91 178
87 92 200
87 93 461
87 94 430
87 95 271
87 96 77
87 97 120
87 98 334
87 99 24
87 100 329
88 89 263
88 90 545
88 91 124
88 92 59
88 93 597
88 94 435
88 95 131
88 96 131
88 97 108
88 98 181
88 99 222
88 100 249
89 90 283
89 91 152
89 92 218
89 93 334
89 94 266
89 95 239
89 96 167
89 97 244
89 98 292
89 99 153
89 100 225
90 91 426
90 92 496
90 93 65
90 94 277
90 95 493
90 96 446
90 97 523
90 98 529
90 99 401
90 100 419
91 92 70
91 93 481
91 94 316
91 95 98
91 96 112
91 97 161
91 98 160
91 99 183
91 100 158
92 93 550
92 94 375
92 95 83
92 96 123
92 97 136
92 98 143
92 99 213
92 100 192
93 94 341
93 95 553
93 96 492
93 97 566
93 98 590
93 99 438
93 100 483
94 95 328
94 96 403
94 97 471
94 98 332
94 99 418
94 100 210
95 96 197
95 97 220
95 98 63
95 99 279
95 100 124
96 97 76
96 98 261
96 99 91
96 100 270
97 98 279
97 99 143
97 100 318
98 99 342
98 100 122
99 100 328
1 4
2 3
3 2
4 2
5 2
6 4
7 2
8 3
9 2
10 4
11 3
12 3
13 4
14 4
15 1
16 2
17 2
18 2
19 4
20 3
21 3
22 1
23 4
24 2
25 2
26 2
27 2
28 2
29 4
30 2
31 1
32 2
33 1
34 4
35 2
36 3
37 3
38 2
39 2
40 2
41 4
42 4
43 4
44 3
45 4
46 3
47 4
48 4
49 3
50 3
51 4
52 4
53 4
54 4
55 4
56 4
57 3
58 2
59 4
60 3
61 3
62 4
63 4
64 4
65 4
66 4
67 4
68 2
69 4
70 2
71 4
72 3
73 4
74 2
75 3
76 2
77 4
78 3
79 3
80 4
81 4
82 4
83 2
84 2
85 3
86 2
87 4
88 3
89 4
90 4
91 3
92 3
93 4
94 3
95 4
96 2
97 4
98 4
99 4
100 2